116
3 222
8 218
17 214
30 205
45 192
51 183
61 170
70 155
75 135
78 120
84 110
99 91
108 86
123 78
135 70
149 69
173 66
185 66
199 69
209 76
218 80
226 89
240 103
248 128
248 142
248 155
246 173
243 186
236 202
225 216
218 224
211 227
205 230
194 236
178 247
147 267
125 280
108 291
84 311
69 332
58 351
54 376
42 400
40 420
42 442
46 494
48 519
74 543
91 560
112 563
152 562
185 561
198 557
214 547
221 532
227 507
224 492
219 479
206 455
190 426
182 413
181 395
186 384
203 366
220 351
240 339
264 340
294 345
304 353
319 384
324 399
331 423
341 448
351 474
360 497
367 511
383 526
396 534
414 539
426 541
444 541
469 544
489 541
506 531
520 520
525 512
530 501
534 488
532 459
521 436
509 420
483 397
431 354
397 324
377 298
364 217
364 145
370 118
409 79
423 75
438 74
459 79
478 84
501 108
515 162
519 178
520 198
524 216
529 235
542 267
556 280
563 295
576 304
587 313
592 315
598 315
